
smplx_to_g1:

before, pelvis: #!wxyz
bofore_pelvis: [array([-0.32540652,  0.29134125,  0.9703218 ], dtype=float32), array([0.01677346, 0.00734281, 0.67581551, 0.73684336])]
bofore_pelvis: [array([-0.3252981 ,  0.29138666,  0.9703778 ], dtype=float32), array([0.01679071, 0.00726089, 0.67488999, 0.73769157])]
bofore_pelvis: [array([-0.32590768,  0.29121834,  0.97037435], dtype=float32), array([0.01657972, 0.00708767, 0.67568635, 0.73696868])]
bofore_pelvis: [array([-0.32572937,  0.2913329 ,  0.97031295], dtype=float32), array([0.01717718, 0.00736532, 0.6748678 , 0.73770194])]
bofore_pelvis: [array([-0.32638928,  0.29110777,  0.9702589 ], dtype=float32), array([0.0160311 , 0.00676229, 0.67665027, 0.73609897])]
bofore_pelvis: [array([-0.32606086,  0.2914781 ,  0.9701884 ], dtype=float32), array([0.01699445, 0.00715106, 0.67590106, 0.7367617 ])]
bofore_pelvis: [array([-0.32628706,  0.29134345,  0.97025055], dtype=float32), array([0.01704654, 0.00681596, 0.67657403, 0.73614573])]



after, pelvis: #!wxyz
pelvis: -0.325406521558762, 0.291341245174408, 0.970321774482727, 0.718387569449417, 0.025798599718293, -0.035229250413850, 0.694271295840764
pelvis: -0.325298100709915, 0.291386663913727, 0.970377802848816, 0.718316578550539, 0.026635883213736, -0.036165705241706, 0.694264981451061
pelvis: -0.325907677412033, 0.291218340396881, 0.970374345779419, 0.718161208928187, 0.025895143853935, -0.035387191427788, 0.694493820129771
pelvis: -0.325729370117188, 0.291332900524139, 0.970312952995300, 0.718556116398520, 0.026511139537684, -0.036322999288124, 0.694013621472522
pelvis: -0.326389282941818, 0.291107773780823, 0.970258891582489, 0.717771308690434, 0.025089943360826, -0.034358753425607, 0.694977927150215
pelvis: -0.326060861349106, 0.291478097438812, 0.970188379287720, 0.718404140054190, 0.025508622340097, -0.035352015135240, 0.694258623832062
pelvis: -0.326287060976028, 0.291343450546265, 0.970250546932220, 0.718291127715090, 0.024670563882039, -0.034901141980084, 0.694428635218921









g1_to_smplx:

before, pelvis: #!wxyz
pos=array([-0.32614934,  0.28470339,  0.77208393]), rot=array([ 0.72185849,  0.00397633, -0.0116429 ,  0.69193132])
pos=array([-0.32603776,  0.28473763,  0.77213111]), rot=array([ 0.72176269,  0.0047052 , -0.0123708 ,  0.69201405])
pos=array([-0.32663512,  0.28458655,  0.7721717 ]), rot=array([ 0.72178936,  0.00405296, -0.01197184,  0.69199737])
pos=array([-0.32647263,  0.28468118,  0.77207613]), rot=array([ 0.72198242,  0.00470254, -0.01246505,  0.69178312])
pos=array([-0.32711384,  0.28446346,  0.77208387]), rot=array([ 0.72160799,  0.00327713, -0.0111828 ,  0.69220381])
pos=array([-0.32679565,  0.2848235 ,  0.77202671]), rot=array([ 0.72193041,  0.00370704, -0.01166298,  0.69185744])
pos=array([-0.32701933,  0.2846924 ,  0.77208715]), rot=array([ 0.72182139,  0.00308624, -0.01129105,  0.69198039])



after, pelvis (before ik):  #!wxyz
check2_pelvis: BodyPose(pos=array([-0.32614934,  0.28470339,  0.77208393]), rot=array([0.01879688, 0.0111303 , 0.69908529, 0.71470452]))
check2_pelvis: BodyPose(pos=array([-0.32603776,  0.28473763,  0.77213111]), rot=array([0.01870712, 0.01104152, 0.69835037, 0.71542637]))
check2_pelvis: BodyPose(pos=array([-0.32663512,  0.28458655,  0.7721717 ]), rot=array([0.01885543, 0.01093655, 0.69888097, 0.71490577]))
check2_pelvis: BodyPose(pos=array([-0.32647263,  0.28468118,  0.77207613]), rot=array([0.0189809 , 0.0112184 , 0.69829898, 0.71546657]))
check2_pelvis: BodyPose(pos=array([-0.32711384,  0.28446346,  0.77208387]), rot=array([0.01865493, 0.01074926, 0.69967593, 0.71413587]))
check2_pelvis: BodyPose(pos=array([-0.32679565,  0.2848235 ,  0.77202671]), rot=array([0.01901445, 0.01105852, 0.69920891, 0.71457894]))
check2_pelvis: BodyPose(pos=array([-0.32701933,  0.2846924 ,  0.77208715]), rot=array([0.01902291, 0.01081809, 0.69971225, 0.71408954]))




after, pelvis (after ik): #! xyzw
[-0.32615857  0.28640927  0.89983527]    [0.00848845 0.67489248 0.73769026 0.01616062]
[-0.32604939  0.28645128  0.89988191].   [0.00840335 0.67423265 0.738296   0.01608496]
[-0.32664264  0.28629216  0.89992458].   [0.00829524 0.67467952 0.73788543 0.01624248]
[-0.32648023  0.28639897  0.89982766].   [0.00855867 0.67420898 0.73830968 0.01636505]
[-0.32712657  0.28616329  0.8998345 ].   [0.00804564 0.67541239 0.73721995 0.01612785]
[-0.32680707  0.28652658  0.89977453].   [0.00834922 0.67502176 0.73756715 0.01645034]
[-0.32703016  0.28639115  0.89983344].   [0.00814465 0.67548113 0.7371495  0.01641715]


                          #! xyzw
 [-0.32615857  0.28640927  0.89983527].  [0.00848845 0.67489248 0.73769026 0.01616062]
 [-0.32604939  0.28645128  0.89988191].  [0.00840335 0.67423265 0.738296   0.01608496]
 [-0.32664264  0.28629216  0.89992458].  [0.00829524 0.67467952 0.73788543 0.01624248]
 [-0.32648023  0.28639897  0.89982766].  [0.00855867 0.67420898 0.73830968 0.01636505]
 [-0.32712657  0.28616329  0.8998345 ].  [0.00804564 0.67541239 0.73721995 0.01612785]
 [-0.32680707  0.28652658  0.89977453].  [0.00814465 0.67548113 0.7371495  0.01641715]





